           1
   0.0000000000000000        0.0000000000000000        0.0000000000000000
   0.0000000000000000        10000.000000000000        0.0000000000000000
  -0.0000000000000000        10000.000000000000        0.0000000000000000
   1.0000000000000000        0.0000000000000000        0.0000000000000000
  -0.0000000000000000        6.1232339957367660E-017   1.0000000000000000
  -0.0000000000000000       -1.0000000000000000        1.2246467991473532E-016
  -0.0000000000000000        1.0000000000000000        0.0000000000000000
  -0.0000000000000000        6.1232339957367660E-017   1.0000000000000000
           2
   0.0000000000000000        181774.27619941006        2439.1946713734046
   0.0000000000000000        191767.78840379851        2799.3527210394836
   0.0000000000000000        191767.78840379851        2799.3527210394836
   1.0000000000000000        0.0000000000000000        0.0000000000000000
   0.0000000000000000       -3.6015804966607327E-002  0.99935122043884406
   0.0000000000000000      -0.99935122043884406       -3.6015804966607758E-002
   0.0000000000000000       0.99935122043884406        3.6015804966607882E-002
   0.0000000000000000       -3.6015804966607327E-002  0.99935122043884406
           3
   0.0000000000000000        212054.54790459998        3532.2733675270479
   0.0000000000000000        242028.05710706193        4792.7280830677009
   0.0000000000000000        212054.54790459998        3532.2733675270483
   1.0000000000000000        0.0000000000000000        0.0000000000000000
   0.0000000000000000       -4.2015157184687742E-002  0.99911697341539829
   0.0000000000000000      -0.99911697341539829       -4.2015157184688297E-002
   0.0000000000000000       0.99911697341539829        4.2015157184688422E-002
   0.0000000000000000       -4.2015157184687742E-002  0.99911697341539829
           4
   0.0000000000000000        272592.67458710476        6263.7245584314960     
   0.0000000000000000        302548.88788629090        7883.9976137109297     
   0.0000000000000000        302848.34734059172        7901.9985922916158     
   1.0000000000000000        0.0000000000000000        0.0000000000000000     
   0.0000000000000000       0.99837381072449582        5.7006438754302988E-002
   0.0000000000000000       -5.7006438754302120E-002  0.99837381072449582     
   0.0000000000000000       0.99819818100269286        6.0003261935619646E-002
   0.0000000000000000       -6.0003261935618779E-002  0.99819818100269286     
